Run semi-empirical minimization
 &qmmm
    qm_theory='AM1', grms_tol=0.0005,
 scfconv=1.d-10, ndiis_attempts=700,   qmcharge=-4,
 /
  15    P1       16.2230        8.1510       -1.0150 
   8    O1       17.5500        8.5360       -0.5150 
   8    O2       15.7480        6.8350       -0.4270 
   8    O3       16.2550        8.0140       -2.4380 
  15    P2       14.4710       10.5200       -1.4900 
   8    O4       13.9290        9.9200       -2.7000 
   8    O5       15.3180       11.7370       -1.6370 
   8    O6       15.1960        9.3630       -0.6810 
  15    P3       11.9680        9.8680       -0.2600 
   8    O7       11.1000        9.8800       -1.4300 
   8    O8       12.4260        8.5140        0.1440 
   8    O9       13.2420       10.7950       -0.5670 
   8   O10       11.3330       10.5910        1.0110 
   6    C1       12.0920       10.3730        2.2270 
   6    C2       11.2380        9.9220        3.4060 
   8   O11       10.0030       10.6810        3.3860 
   6    C3       10.7220        8.4980        3.3950 
   8   O12       11.7050        7.5330        3.7170 
   6    C4        9.5600        8.6060        4.4010 
   8   O13        9.9420        8.5620        5.7640 
   6    C5        8.9880        9.9570        4.0850 
   7    N1        7.7780        9.9240        3.2360 
   6    C6        7.8840        9.9060        1.8790 
   7    N2        6.7310        9.9040        1.2480 
   6    C7        5.7960        9.9770        2.2530 
   6    C8        4.3730       10.0390        2.2440 
   7    N3        3.6160       10.0010        1.1280 
   7    N4        3.7560       10.0340        3.4450 
   6    C9        4.4990       10.0760        4.5820 
   7    N5        5.8250       10.0530        4.7050 
   6   C10        6.4250        9.8730        3.4960 
   1     H       12.5780       11.2890        2.4920 
   1    H1       12.7890        9.5870        2.0250 
   1    H2       11.8990       10.0480        4.2370 
   1    H3       10.4170        8.1430        2.4330 
   1    H4       12.0810        7.7330        4.5890 
   1    H5        8.8920        7.7760        4.2980 
   1    H6       10.5560        9.2890        5.9510 
   1    H7        8.6920       10.4080        5.0090 
   1    H8        8.7920        9.8950        1.3880 
   1    H9        4.0450       10.0040        0.2420 
   1   H10        2.6350        9.9700        1.2000 
   1   H11        3.9670       10.1330        5.4640 

